343.21,45.52,344.72,92.86,388.12,90.13,386.91,42.48,number
344.72,93.77,346.54,140.20,391.46,139.29,389.64,91.95,number
346.56,141.75,349.25,188.91,393.72,188.37,391.29,141.48,number
350.60,190.26,352.49,236.06,395.87,235.79,393.72,190.79,number
352.49,237.14,353.57,283.49,398.03,283.49,396.14,237.68,number
354.11,284.57,355.99,332.80,400.99,332.80,398.57,285.38,number
357.07,334.42,358.15,381.58,403.42,386.16,401.53,339.27,number
361.38,434.66,406.92,440.32,405.03,394.51,360.30,388.85,number
360.98,436.60,361.73,480.41,406.04,487.13,404.55,441.33,number
361.98,482.40,364.22,527.21,408.78,534.43,406.29,489.13,number
364.22,529.45,366.21,573.77,411.77,579.99,409.77,535.68,number
366.71,574.51,367.45,617.83,412.01,626.54,411.52,581.73,number
367.20,619.57,367.95,663.39,412.76,673.10,411.52,629.03,number
369.44,664.88,370.19,707.95,414.50,719.65,413.26,675.09,number
369.94,709.94,370.78,753.81,414.75,765.53,413.39,721.11,number
372.58,757.86,373.94,801.83,416.55,814.46,415.65,770.72,number
376.27,805.93,377.39,848.32,420.92,861.18,419.12,818.78,number
378.70,850.30,380.05,892.82,424.08,905.98,422.06,863.29,number
380.22,894.84,381.40,936.34,424.42,950.51,423.07,907.66,number
381.40,938.37,381.90,980.71,426.44,996.24,424.92,953.05,number
382.24,983.08,383.76,1025.42,427.45,1040.61,426.27,998.09,number
384.43,1027.22,385.19,1069.55,429.81,1085.44,428.44,1043.27,number
385.74,1071.56,387.03,1113.75,430.09,1129.30,428.22,1086.53,number
388.04,1116.05,389.63,1157.09,431.96,1173.50,430.23,1131.03,number
389.19,1159.25,390.49,1200.00,433.97,1218.28,432.53,1177.25,number
392.22,1206.48,393.08,1248.81,435.13,1268.97,435.27,1227.36,number
392.65,1251.84,392.79,1293.45,436.28,1314.62,435.27,1272.86,number
392.22,1297.91,393.37,1339.09,435.27,1359.54,433.69,1317.35,number
393.37,1342.12,394.23,1381.43,437.00,1404.04,435.41,1362.13,number
394.23,1384.60,395.67,1425.06,437.00,1446.22,435.41,1406.34,number
396.68,1428.08,397.26,1468.40,439.45,1491.01,438.29,1449.68,number
397.98,1470.70,398.98,1510.88,439.73,1534.20,439.01,1494.17,number
398.70,1512.32,398.84,1552.35,440.74,1576.97,440.74,1536.36,number
400.28,1554.51,400.14,1595.54,440.17,1620.60,440.31,1579.56,number
400.28,1597.56,400.71,1637.88,440.02,1665.09,440.17,1622.33,number
402.15,1643.06,402.58,1682.23,443.19,1710.59,442.76,1669.27,number
402.39,1690.70,403.29,1730.23,444.84,1758.30,443.94,1715.85,number
403.29,1732.70,404.64,1772.90,446.86,1802.54,444.84,1760.55,number
404.86,1775.37,405.76,1813.77,446.19,1842.29,445.74,1803.89,number
405.76,1816.02,405.99,1854.64,446.19,1885.19,446.19,1844.99,number
406.60,1857.32,406.24,1897.17,447.52,1926.61,447.16,1887.84,number
407.76,1899.50,408.29,1937.65,447.77,1969.12,447.50,1929.91,number
657.09,1934.84,657.80,1973.50,721.17,1943.43,721.17,1905.49,number
658.65,1891.46,658.98,1931.48,721.15,1904.36,720.82,1862.69,number
656.99,1849.13,658.32,1889.81,720.82,1861.37,719.83,1822.01,number
657.32,1807.46,657.32,1847.15,720.16,1820.36,720.16,1779.68,number
657.24,1764.47,657.24,1804.50,721.09,1777.91,721.40,1737.28,number
658.18,1720.70,658.35,1761.44,720.81,1734.69,720.38,1694.69,number
654.49,1676.94,654.28,1716.30,718.03,1692.12,717.82,1650.84,number
654.43,1625.24,654.49,1666.24,717.78,1641.03,718.13,1601.55,number
654.25,1581.89,654.60,1622.61,717.96,1598.39,717.08,1558.02,number
653.37,1538.66,654.19,1580.16,717.86,1555.52,717.37,1515.67,number
652.34,1495.32,652.97,1536.05,717.26,1513.49,717.01,1472.26,number
651.84,1450.45,652.59,1492.93,716.64,1470.50,716.01,1429.27,number
651.59,1407.21,651.97,1448.07,715.76,1427.01,716.14,1387.53,number
651.09,1363.47,651.84,1405.33,715.76,1384.90,715.13,1343.54,number
651.84,1320.73,651.72,1361.71,715.26,1341.16,716.01,1301.06,number
650.59,1274.23,650.84,1316.60,715.01,1297.04,715.51,1256.56,number
650.21,1229.24,650.09,1271.10,714.63,1253.68,715.26,1213.32,number
648.21,1182.24,650.59,1224.85,713.76,1206.18,712.50,1165.82,number
647.08,1137.75,648.21,1180.24,712.75,1161.56,712.38,1119.83,number
646.10,1092.82,646.40,1135.52,711.79,1118.53,710.44,1076.59,number
645.05,1048.63,645.65,1090.72,709.99,1074.49,709.69,1033.30,number
643.25,1003.23,643.40,1046.38,709.54,1030.44,708.19,988.65,number
644.15,958.59,644.60,1000.83,709.09,986.40,708.79,944.16,number
642.05,913.79,643.25,956.48,707.74,942.35,707.58,900.56,number
641.59,867.19,642.65,910.79,708.04,898.16,706.08,855.92,number
640.31,821.87,640.31,865.98,706.14,853.72,706.63,808.96,number
634.75,773.51,634.91,820.23,701.40,808.47,700.75,764.36,number
633.93,724.99,633.93,771.23,701.40,760.28,702.38,716.99,number
635.89,678.76,636.22,723.03,702.22,715.52,700.91,671.25,number
632.52,632.43,632.81,677.11,701.42,669.42,700.26,625.90,number
631.21,585.86,632.37,630.54,700.70,623.43,700.55,579.48,number
629.57,540.53,630.72,584.62,699.75,578.16,698.60,534.29,number
628.87,492.74,629.34,538.22,699.52,531.99,698.13,487.20,number
627.72,446.11,628.64,490.89,699.29,485.35,696.98,442.41,number
627.86,397.17,628.98,444.18,697.13,440.84,696.29,394.94,number
628.44,345.16,627.39,393.72,694.22,391.89,695.00,345.16,number
623.74,293.22,625.04,342.29,693.43,336.81,692.65,291.39,number
621.51,244.19,622.31,291.39,691.91,288.99,690.84,243.93,number
621.11,196.50,621.65,243.11,690.88,242.29,689.52,195.69,number
617.75,146.45,620.21,195.06,690.05,194.44,687.28,147.68,number
616.46,96.97,617.17,145.01,687.58,146.68,685.91,99.35,number
614.82,49.59,615.40,95.84,686.29,97.86,684.98,51.97,number
613.78,0.21,614.00,47.18,684.79,50.21,683.92,3.89,number
