331.73,121.41,332.97,173.10,379.40,166.60,377.54,118.00,number
333.90,174.03,335.45,221.38,379.71,215.81,378.16,167.84,number
335.75,223.55,336.68,270.29,382.18,265.96,379.09,217.98,number
336.37,271.84,336.99,319.20,381.57,316.10,380.33,268.12,number
338.21,320.52,339.72,367.86,383.12,365.13,381.91,317.48,number
339.72,368.77,341.54,415.20,386.46,414.29,384.64,366.95,number
341.56,416.75,344.25,463.91,388.72,463.37,386.29,416.48,number
345.60,465.26,347.49,511.06,390.87,510.79,388.72,465.79,number
347.49,512.14,348.57,558.49,393.03,558.49,391.14,512.68,number
349.11,559.57,350.99,607.80,395.99,607.80,393.57,560.38,number
352.07,609.42,353.15,656.58,398.42,661.16,396.53,614.27,number
356.38,709.66,401.92,715.32,400.03,669.51,355.30,663.85,number
355.98,711.60,356.73,755.41,401.04,762.13,399.55,716.33,number
356.98,757.40,359.22,802.21,403.78,809.43,401.29,764.13,number
359.22,804.45,361.21,848.77,406.77,854.99,404.77,810.68,number
361.71,849.51,362.45,892.83,407.01,901.54,406.52,856.73,number
362.20,894.57,362.95,938.39,407.76,948.10,406.52,904.03,number
364.44,939.88,365.19,982.95,409.50,994.65,408.26,950.09,number
364.94,984.94,365.78,1028.81,409.75,1040.53,408.39,996.11,number
367.58,1032.86,368.94,1076.83,411.55,1089.46,410.65,1045.72,number
371.27,1080.93,372.39,1123.32,415.92,1136.18,414.12,1093.78,number
373.70,1125.30,375.05,1167.82,419.08,1180.98,417.06,1138.29,number
375.22,1169.84,376.40,1211.34,419.42,1225.51,418.07,1182.66,number
376.40,1213.37,376.90,1255.71,421.44,1271.24,419.92,1228.05,number
377.24,1258.08,378.76,1300.42,422.45,1315.61,421.27,1273.09,number
379.43,1302.22,380.19,1344.55,424.81,1360.44,423.44,1318.27,number
380.74,1346.56,382.03,1388.75,425.09,1404.30,423.22,1361.53,number
383.04,1391.05,384.63,1432.09,426.96,1448.50,425.23,1406.03,number
384.19,1434.25,385.49,1475.00,428.97,1493.28,427.53,1452.25,number
387.22,1481.48,388.08,1523.81,430.13,1543.97,430.27,1502.36,number
387.65,1526.84,387.79,1568.45,431.28,1589.62,430.27,1547.86,number
387.22,1572.91,388.37,1614.09,430.27,1634.54,428.69,1592.35,number
388.37,1617.12,389.23,1656.43,432.00,1679.04,430.41,1637.13,number
389.23,1659.60,390.67,1700.06,432.00,1721.22,430.41,1681.34,number
391.68,1703.08,392.26,1743.40,434.45,1766.01,433.29,1724.68,number
392.98,1745.70,393.98,1785.88,434.73,1809.20,434.01,1769.17,number
393.70,1787.32,393.84,1827.35,435.74,1851.97,435.74,1811.36,number
395.28,1829.51,395.14,1870.54,435.17,1895.60,435.31,1854.56,number
395.28,1872.56,395.71,1912.88,435.02,1940.09,435.17,1897.33,number
397.15,1918.06,397.58,1957.23,438.19,1985.59,437.76,1944.27,number
397.39,1965.70,398.29,2005.23,439.84,2033.30,438.94,1990.85,number
398.29,2007.70,399.64,2047.90,441.86,2077.54,439.84,2035.55,number
399.86,2050.37,400.76,2088.77,441.19,2117.29,440.74,2078.89,number
652.32,2082.46,652.32,2122.15,715.16,2095.36,715.16,2054.68,number
652.24,2039.47,652.24,2079.50,716.09,2052.91,716.40,2012.28,number
653.18,1995.70,653.35,2036.44,715.81,2009.69,715.38,1969.69,number
649.49,1951.94,649.28,1991.30,713.03,1967.12,712.82,1925.84,number
649.43,1900.24,649.49,1941.24,712.78,1916.03,713.13,1876.55,number
649.25,1856.89,649.60,1897.61,712.96,1873.39,712.08,1833.02,number
648.37,1813.66,649.19,1855.16,712.86,1830.52,712.37,1790.67,number
647.34,1770.32,647.97,1811.05,712.26,1788.49,712.01,1747.26,number
646.84,1725.45,647.59,1767.93,711.64,1745.50,711.01,1704.27,number
646.59,1682.21,646.97,1723.07,710.76,1702.01,711.14,1662.53,number
646.09,1638.47,646.84,1680.33,710.76,1659.90,710.13,1618.54,number
646.84,1595.73,646.72,1636.71,710.26,1616.16,711.01,1576.06,number
645.59,1549.23,645.84,1591.60,710.01,1572.04,710.51,1531.56,number
645.21,1504.24,645.09,1546.10,709.63,1528.68,710.26,1488.32,number
643.21,1457.24,645.59,1499.85,708.76,1481.18,707.50,1440.82,number
642.08,1412.75,643.21,1455.24,707.75,1436.56,707.38,1394.83,number
641.10,1367.82,641.40,1410.52,706.79,1393.53,705.44,1351.59,number
640.05,1323.63,640.65,1365.72,704.99,1349.49,704.69,1308.30,number
638.25,1278.23,638.40,1321.38,704.54,1305.44,703.19,1263.65,number
639.15,1233.59,639.60,1275.83,704.09,1261.40,703.79,1219.16,number
637.05,1188.79,638.25,1231.48,702.74,1217.35,702.58,1175.56,number
636.59,1142.19,637.65,1185.79,703.04,1173.16,701.08,1130.92,number
635.31,1096.87,635.31,1140.98,701.14,1128.72,701.63,1083.96,number
629.75,1048.51,629.91,1095.23,696.40,1083.47,695.75,1039.36,number
628.93,999.99,628.93,1046.23,696.40,1035.28,697.38,991.99,number
630.89,953.76,631.22,998.03,697.22,990.52,695.91,946.25,number
627.52,907.43,627.81,952.11,696.42,944.42,695.26,900.90,number
626.21,860.86,627.37,905.54,695.70,898.43,695.55,854.48,number
624.57,815.53,625.72,859.62,694.75,853.16,693.60,809.29,number
623.87,767.74,624.34,813.22,694.52,806.99,693.13,762.20,number
622.72,721.11,623.64,765.89,694.29,760.35,691.98,717.41,number
622.86,672.17,623.98,719.18,692.13,715.84,691.29,669.94,number
623.44,620.16,622.39,668.72,689.22,666.89,690.00,620.16,number
618.74,568.22,620.04,617.29,688.43,611.81,687.65,566.39,number
616.51,519.19,617.31,566.39,686.91,563.99,685.84,518.93,number
616.11,471.50,616.65,518.11,685.88,517.29,684.52,470.69,number
612.75,421.45,615.21,470.06,685.05,469.44,682.28,422.68,number
611.46,371.97,612.17,420.01,682.58,421.68,680.91,374.35,number
609.82,324.59,610.40,370.84,681.29,372.86,679.98,326.97,number
608.78,275.21,609.00,322.18,679.79,325.21,678.92,278.89,number
606.40,225.20,607.27,271.31,678.49,276.72,677.84,229.97,number
606.49,124.34,604.74,173.71,678.05,180.94,676.55,133.06,number
606.06,174.77,605.37,223.14,677.94,228.90,677.48,181.91,number
290.08,9.57,292.49,97.82,646.72,97.82,647.32,11.98,plate
